-20
-26
37
62
81
89
46
12
-19
88
57
-9
19
94
-13
63
4
-16
-10
-14
86
-70
39
38
-95
-92
-65
-21
-49
63
42
-78
60
46
92
-68
-7
-7
-32
56
-20
30
-10
-25
56
92
46
-49
18
-79
-97
29
-90
27
-36
100
-94
34
-71
-39
-20
-87
1
14
-66
18
31
87
-71
89
-82
45
-62
93
78
-60
69
9
5
21
-69
-24
-54
-22
-13
93
-12
-18
-41
-36
-43
72
40
75
-86
-76
-13
78
6
96
18
-70
75
47
-31
-39
32
67
-28
-99
-22
26
76
-19
-17
96
-2
-35
4
-90
-22
43
18
-27
76
66
-50
97
7
-13
-72
-66
0
88
-91
-21
15
3
-81
7
-50
93
-43
80
-41
41
-36
-56
-76
-89
27
-52
-59
-47
-48
-48
-26
0
-46
-12
-2
85
19
72
-44
-77
-90
-57
98
8
-75
-11
-6
-45
43
63
-95
-14
-23
-62
99
16
48
34
93
63
-54
63
90
-32
72
78
-50
22
15
90
-27
-47
-91
96
-77
84
-89
6
24
94
-95
53
-63
79
15
28
-2
-66
74
56
-70
56
50
42
67
13
36
86
83
-30
86
40
-24
31
-21
-22
-98
-91
31
87
-74
17
52
-88
87
-11
10
21
47
-34
0
70
-44
-43